-100 177,9371
-100 -177,9371
-99 175,1296
-99 -175,1296
-98 172,3369
-98 -172,3369
-97 169,5591
-97 -169,5591
-96 166,7964
-96 -166,7964
-95 164,0488
-95 -164,0488
-94 161,3163
-94 -161,3163
-93 158,5992
-93 -158,5992
-92 155,8974
-92 -155,8974
-91 153,2111
-91 -153,2111
-90 150,5403
-90 -150,5403
-89 147,8851
-89 -147,8851
-88 145,2456
-88 -145,2456
-87 142,622
-87 -142,622
-86 140,0143
-86 -140,0143
-85 137,4226
-85 -137,4226
-84 134,847
-84 -134,847
-83 132,2876
-83 -132,2876
-82 129,7445
-82 -129,7445
-81 127,2178
-81 -127,2178
-80 124,7077
-80 -124,7077
-79 122,2141
-79 -122,2141
-78 119,7374
-78 -119,7374
-77 117,2775
-77 -117,2775
-76 114,8345
-76 -114,8345
-75 112,4086
-75 -112,4086
-74 110
-74 -110
-73 107,6087
-73 -107,6087
-72 105,2348
-72 -105,2348
-71 102,8786
-71 -102,8786
-70 100,54
-70 -100,54
-69 98,2193
-69 -98,2193
-68 95,9166
-68 -95,9166
-67 93,6321
-67 -93,6321
-66 91,3658
-66 -91,3658
-65 89,1179
-65 -89,1179
-64 86,8886
-64 -86,8886
-63 84,678
-63 -84,678
-62 82,4864
-62 -82,4864
-61 80,3137
-61 -80,3137
-60 78,1603
-60 -78,1603
-59 76,0263
-59 -76,0263
-58 73,9119
-58 -73,9119
-57 71,8172
-57 -71,8172
-56 69,7424
-56 -69,7424
-55 67,6877
-55 -67,6877
-54 65,6534
-54 -65,6534
-53 63,6396
-53 -63,6396
-52 61,6465
-52 -61,6465
-51 59,6744
-51 -59,6744
-50 57,7235
-50 -57,7235
-49 55,7939
-49 -55,7939
-48 53,886
-48 -53,886
-47 52
-47 -52
-46 50,1361
-46 -50,1361
-45 48,2946
-45 -48,2946
-44 46,4758
-44 -46,4758
-43 44,6799
-43 -44,6799
-42 42,9073
-42 -42,9073
-41 41,1582
-41 -41,1582
-40 39,433
-40 -39,433
-39 37,732
-39 -37,732
-38 36,0555
-38 -36,0555
-37 34,4039
-37 -34,4039
-36 32,7776
-36 -32,7776
-35 31,1769
-35 -31,1769
-34 29,6023
-34 -29,6023
-33 28,0542
-33 -28,0542
-32 26,533
-32 -26,533
-31 25,0392
-31 -25,0392
-30 23,5734
-30 -23,5734
-29 22,1359
-29 -22,1359
-28 20,7275
-28 -20,7275
-27 19,3487
-27 -19,3487
-26 18
-26 -18
-25 16,6822
-25 -16,6822
-24 15,396
-24 -15,396
-23 14,1421
-23 -14,1421
-22 12,9214
-22 -12,9214
-21 11,7347
-21 -11,7347
-20 10,583
-20 -10,583
-19 9,4673
-19 -9,4673
-18 8,3887
-18 -8,3887
-17 7,3485
-17 -7,3485
-16 6,3479
-16 -6,3479
-15 5,3886
-15 -5,3886
-14 4,4721
-14 -4,4721
-13 3,6004
-13 -3,6004
-12 2,7756
-12 -2,7756
-11 2
-11 -2
-10 1,2766
-10 -1,2766
-9 0,6086
-9 -0,6086
-8 0
-8 0
-7 0,5443
-7 -0,5443
-6 1,0184
-6 -1,0184
-5 1,4142
-5 -1,4142
-4 1,7213
-4 -1,7213
-3 1,9245
-3 -1,9245
-2 2
-2 -2
-1 1,9052
-1 -1,9052
0 1,5396
0 -1,5396
1 0
1 0
